accuracy:0.8464544946957008
accuracy:0.8464544946957008
accuracy:0.8464544946957008
accuracy:0.9151312116136237
